11.000000
-50.000000
-50.000000
-50.000000
-50.000000
11.000000
-50.000000
-50.000000
11.000000
-50.000000
-50.000000
11.000000
-50.000000
-50.000000
-50.000000
-50.000000
11.000000
-50.000000
-50.000000
11.000000
-50.000000
-50.000000
11.000000
-50.000000
-50.000000
-50.000000
-50.000000
11.000000
-50.000000
-50.000000
11.000000
11.000000
11.000000
11.000000
11.000000
11.000000
11.000000
11.000000
11.000000
-50.000000
-50.000000
1.000000
-50.000000
-50.000000
11.000000
-50.000000
-50.000000
-50.000000
-50.000000
1.000000
-50.000000
-50.000000
1.000000
-50.000000
-50.000000
1.000000
-50.000000
-50.000000
-50.000000
-50.000000
1.000000
-50.000000
-50.000000
1.000000
1.000000
1.000000
11.000000
-50.000000
-50.000000
1.000000
1.000000
1.000000
-50.000000
-50.000000
-50.000000
-50.000000
1.000000
11.000000
-50.000000
-50.000000
1.000000
-50.000000
-50.000000
-50.000000
-50.000000
-50.000000
-50.000000
1.000000
11.000000
-50.000000
-50.000000
1.000000
-50.000000
-50.000000
-50.000000
1.000000
1.000000
1.000000
1.000000
11.000000
-50.000000
-50.000000
1.000000
1.000000
1.000000
1.000000
-50.000000
1.000000
-50.000000
-50.000000
11.000000
-50.000000
-50.000000
-50.000000
-50.000000
1.000000
-50.000000
-50.000000
1.000000
-50.000000
-50.000000
0.000000
0.000000
0.000000
0.000000
0.000000
0.000000
0.000000
0.000000
0.000000
0.000000
0.000000
0.000000
0.000000
0.000000
0.000000
0.000000
0.000000
0.000000
0.000000
0.000000
0.000000
0.000000
0.000000
0.000000
0.000000
0.000000
0.000000
0.000000
0.000000
0.000000
0.000000
0.000000
0.000000
0.000000
0.000000
0.000000
0.000000
0.000000
0.000000
0.000000
0.000000
0.000000
0.000000
0.000000
0.000000
0.000000
0.000000
0.000000
0.000000
0.000000
0.000000
0.000000
0.000000
0.000000
0.000000
0.000000
0.000000
0.000000
0.000000
0.000000
0.000000
0.000000
0.000000
0.000000
0.000000
0.000000
0.000000
0.000000
0.000000
0.000000
0.000000
0.000000
0.000000
0.000000
0.000000
0.000000
0.000000
0.000000
0.000000
0.000000
0.852375
0.310923
-0.844842
-48.000250
