0.627141
-0.337303
-0.289363
-0.776972
0.684665
0.889748
0.019251
-0.675034
-0.720647
0.149801
-0.614316
-0.103505
-0.921942
-0.791139
-0.893177
0.658517
-0.217913
-0.129954
0.425058
0.646937
-0.241853
0.000650
-0.372157
0.544914
0.861799
-0.617965
-0.272704
0.346185
0.033647
-0.535830
-0.028666
-0.529235
-0.615585
-0.179296
0.838220
0.908510
-0.119866
-0.290783
-0.737646
0.197441
-0.494065
0.863981
-0.940828
0.085399
-0.448545
0.251482
-0.472377
-0.038818
-0.158951
-0.429132
0.722179
0.955174
-0.146940
0.240764
-0.700744
0.212347
-0.069999
0.093017
0.713294
0.284319
0.098393
0.074926
-0.025102
0.538332
0.655616
0.949223
-0.579578
-0.086715
-0.596453
0.009759
-0.098287
0.773211
-0.020898
0.982771
-0.713888
-0.266593
-0.404282
0.919305
-0.829004
-0.562538
0.276729
0.163689
-0.901794
0.950551
