0.680375
-0.211234
0.566198
0.596880
0.823295
-0.604897
-0.329554
0.536459
-0.444451
0.107940
-0.045206
0.257742
-0.270431
0.026802
0.904459
0.832390
0.271423
0.434594
-0.716795
0.213938
-0.967399
-0.514226
-0.725537
0.608354
-0.686642
-0.198111
-0.740419
-0.782382
0.997849
-0.563486
0.025865
0.678224
0.225280
-0.407937
0.275105
0.048574
-0.012834
0.945550
-0.414966
0.542715
0.053490
0.539828
-0.199543
0.783059
-0.433371
-0.295083
0.615449
0.838053
-0.860489
0.898654
0.051991
-0.827888
-0.615572
0.326454
0.780465
-0.302214
-0.871657
-0.959954
-0.084597
-0.873808
-0.523440
0.941268
0.804416
0.701840
-0.466669
0.079521
-0.249586
0.520497
0.025071
0.335448
0.063213
-0.921439
